Discipline,F,M,Total,Team/NOC
3x3 Basketball,4,0,4,United States of America
Archery,3,3,6,United States of America
Artistic Gymnastics,6,5,11,United States of America
Artistic Swimming,2,0,2,United States of America
Athletics,65,63,128,United States of America
Badminton,1,3,4,United States of America
Baseball/Softball,15,24,39,United States of America
Basketball,12,12,24,United States of America
Beach Volleyball,4,4,8,United States of America
Boxing,5,5,10,United States of America
Canoe Slalom,1,2,3,United States of America
Canoe Sprint,1,0,1,United States of America
Cycling BMX Freestyle,2,2,4,United States of America
Cycling BMX Racing,3,2,5,United States of America
Cycling Mountain Bike,3,1,4,United States of America
Cycling Road,5,2,7,United States of America
Cycling Track,6,2,8,United States of America
Diving,6,5,11,United States of America
Equestrian,4,5,9,United States of America
Fencing,12,11,23,United States of America
Football,22,0,22,United States of America
Golf,4,4,8,United States of America
Judo,3,1,4,United States of America
Karate,1,3,4,United States of America
Marathon Swimming,2,1,3,United States of America
Modern Pentathlon,1,1,2,United States of America
Rhythmic Gymnastics,7,0,7,United States of America
Rowing,24,13,37,United States of America
Rugby Sevens,13,13,26,United States of America
Sailing,7,6,13,United States of America
Shooting,9,11,20,United States of America
Skateboarding,6,6,12,United States of America
Sport Climbing,2,2,4,United States of America
Surfing,2,2,4,United States of America
Swimming,26,24,50,United States of America
Table Tennis,3,3,6,United States of America
Taekwondo,2,0,2,United States of America
Tennis,5,6,11,United States of America
Trampoline Gymnastics,1,1,2,United States of America
Triathlon,3,2,5,United States of America
Volleyball,12,12,24,United States of America
Water Polo,13,13,26,United States of America
Weightlifting,4,4,8,United States of America
Wrestling,6,9,15,United States of America
3x3 Basketball,4,4,8,People's Republic of China
Archery,3,3,6,People's Republic of China
Artistic Gymnastics,6,6,12,People's Republic of China
Artistic Swimming,8,0,8,People's Republic of China
Athletics,27,23,50,People's Republic of China
Badminton,8,6,14,People's Republic of China
Basketball,12,0,12,People's Republic of China
Beach Volleyball,4,0,4,People's Republic of China
Boxing,3,3,6,People's Republic of China
Canoe Slalom,2,1,3,People's Republic of China
Canoe Sprint,9,6,15,People's Republic of China
Cycling Mountain Bike,1,1,2,People's Republic of China
Cycling Road,1,1,2,People's Republic of China
Cycling Track,3,1,4,People's Republic of China
Diving,5,5,10,People's Republic of China
Equestrian,0,6,6,People's Republic of China
Fencing,9,5,14,People's Republic of China
Football,22,0,22,People's Republic of China
Golf,2,2,4,People's Republic of China
Hockey,16,0,16,People's Republic of China
Judo,6,0,6,People's Republic of China
Karate,2,0,2,People's Republic of China
Marathon Swimming,1,0,1,People's Republic of China
Modern Pentathlon,2,2,4,People's Republic of China
Rhythmic Gymnastics,5,0,5,People's Republic of China
Rowing,21,7,28,People's Republic of China
Rugby Sevens,13,0,13,People's Republic of China
Sailing,7,5,12,People's Republic of China
Shooting,14,10,24,People's Republic of China
Skateboarding,2,0,2,People's Republic of China
Sport Climbing,1,1,2,People's Republic of China
Swimming,18,11,29,People's Republic of China
Table Tennis,4,3,7,People's Republic of China
Taekwondo,4,2,6,People's Republic of China
Tennis,5,0,5,People's Republic of China
Trampoline Gymnastics,2,2,4,People's Republic of China
Triathlon,1,0,1,People's Republic of China
Volleyball,12,0,12,People's Republic of China
Water Polo,13,0,13,People's Republic of China
Weightlifting,4,4,8,People's Republic of China
Wrestling,6,5,11,People's Republic of China
3x3 Basketball,4,4,8,japan
Archery,3,3,6,japan
Artistic Gymnastics,5,6,11,japan
Artistic Swimming,8,0,8,japan
Athletics,22,44,66,japan
Badminton,7,6,13,japan
Baseball/Softball,15,24,39,japan
Basketball,12,12,24,japan
Beach Volleyball,2,2,4,japan
Boxing,2,4,6,japan
Canoe Slalom,2,2,4,japan
Canoe Sprint,3,5,8,japan
Cycling BMX Freestyle,1,1,2,japan
Cycling BMX Racing,1,1,2,japan
Cycling Mountain Bike,1,1,2,japan
Cycling Road,2,2,4,japan
Cycling Track,3,3,6,japan
Diving,5,6,11,japan
Equestrian,0,9,9,japan
Fencing,9,12,21,japan
Football,22,22,44,japan
Golf,2,2,4,japan
Handball,15,14,29,japan
Hockey,16,16,32,japan
Judo,7,7,14,japan
Karate,4,4,8,japan
Marathon Swimming,1,1,2,japan
Modern Pentathlon,2,1,3,japan
Rhythmic Gymnastics,7,0,7,japan
Rowing,2,1,3,japan
Rugby Sevens,13,13,26,japan
Sailing,7,8,15,japan
Shooting,6,6,12,japan
Skateboarding,6,4,10,japan
Sport Climbing,2,2,4,japan
Surfing,2,2,4,japan
Swimming,16,17,33,japan
Table Tennis,3,3,6,japan
Taekwondo,2,2,4,japan
Tennis,6,5,11,japan
Trampoline Gymnastics,2,2,4,japan
Triathlon,2,2,4,japan
Volleyball,12,12,24,japan
Water Polo,13,13,26,japan
Weightlifting,3,4,7,japan
Wrestling,6,6,12,japan
Archery,3,3,6,great-britain
Artistic Gymnastics,4,4,8,great-britain
Artistic Swimming,2,0,2,great-britain
Athletics,40,37,77,great-britain
Badminton,3,4,7,great-britain
Boxing,4,7,11,great-britain
Canoe Slalom,2,2,4,great-britain
Canoe Sprint,3,1,4,great-britain
Cycling BMX Freestyle,1,1,2,great-britain
Cycling BMX Racing,1,1,2,great-britain
Cycling Mountain Bike,1,1,2,great-britain
Cycling Road,2,4,6,great-britain
Cycling Track,6,9,15,great-britain
Diving,6,6,12,great-britain
Equestrian,4,5,9,great-britain
Fencing,0,1,1,great-britain
Football,22,0,22,great-britain
Golf,2,2,4,great-britain
Hockey,16,16,32,great-britain
Judo,5,1,6,great-britain
Marathon Swimming,1,1,2,great-britain
Modern Pentathlon,2,2,4,great-britain
Rowing,22,19,41,great-britain
Rugby Sevens,13,13,26,great-britain
Sailing,7,8,15,great-britain
Shooting,3,2,5,great-britain
Skateboarding,2,0,2,great-britain
Sport Climbing,1,0,1,great-britain
Swimming,13,17,30,great-britain
Table Tennis,1,2,3,great-britain
Taekwondo,3,2,5,great-britain
Tennis,1,5,6,great-britain
Trampoline Gymnastics,2,0,2,great-britain
Triathlon,3,2,5,great-britain
Weightlifting,4,0,4,great-britain
3x3 Basketball,4,4,8,roc
Archery,3,1,4,roc
Artistic Gymnastics,6,6,12,roc
Artistic Swimming,8,0,8,roc
Athletics,4,6,10,roc
Badminton,1,3,4,roc
Beach Volleyball,2,4,6,roc
Boxing,4,7,11,roc
Canoe Slalom,1,1,2,roc
Canoe Sprint,7,8,15,roc
Cycling BMX Freestyle,1,1,2,roc
Cycling BMX Racing,2,1,3,roc
Cycling Mountain Bike,1,1,2,roc
Cycling Road,1,3,4,roc
Cycling Track,4,3,7,roc
Diving,3,4,7,roc
Equestrian,3,2,5,roc
Fencing,11,12,23,roc
Handball,14,0,14,roc
Judo,6,7,13,roc
Marathon Swimming,1,1,2,roc
Modern Pentathlon,2,1,3,roc
Rhythmic Gymnastics,7,0,7,roc
Rowing,7,3,10,roc
Rugby Sevens,13,0,13,roc
Sailing,2,4,6,roc
Shooting,9,8,17,roc
Sport Climbing,2,1,3,roc
Swimming,15,21,36,roc
Table Tennis,2,1,3,roc
Taekwondo,1,3,4,roc
Tennis,4,4,8,roc
Trampoline Gymnastics,2,2,4,roc
Triathlon,2,2,4,roc
Volleyball,12,12,24,roc
Water Polo,13,0,13,roc
Weightlifting,1,1,2,roc
Wrestling,6,11,17,roc
Archery,1,3,4,australia
Artistic Gymnastics,2,1,3,australia
Artistic Swimming,8,0,8,australia
Athletics,35,28,63,australia
Badminton,3,1,4,australia
Baseball/Softball,15,0,15,australia
Basketball,12,12,24,australia
Beach Volleyball,2,2,4,australia
Boxing,2,3,5,australia
Canoe Slalom,1,2,3,australia
Canoe Sprint,8,6,14,australia
Cycling BMX Freestyle,1,1,2,australia
Cycling BMX Racing,2,1,3,australia
Cycling Mountain Bike,1,1,2,australia
Cycling Road,4,4,8,australia
Cycling Track,6,8,14,australia
Diving,4,3,7,australia
Equestrian,5,3,8,australia
Football,22,22,44,australia
Golf,2,2,4,australia
Hockey,16,16,32,australia
Judo,2,1,3,australia
Karate,0,1,1,australia
Marathon Swimming,1,1,2,australia
Modern Pentathlon,1,1,2,australia
Rhythmic Gymnastics,6,0,6,australia
Rowing,18,20,38,australia
Rugby Sevens,13,13,26,australia
Sailing,6,7,13,australia
Shooting,7,8,15,australia
Skateboarding,2,3,5,australia
Sport Climbing,1,1,2,australia
Surfing,2,2,4,australia
Swimming,18,17,35,australia
Table Tennis,3,3,6,australia
Taekwondo,2,2,4,australia
Tennis,5,5,10,australia
Trampoline Gymnastics,1,1,2,australia
Triathlon,3,3,6,australia
Water Polo,13,13,26,australia
Weightlifting,3,2,5,australia
3x3 Basketball,0,4,4,netherlands
Archery,1,3,4,netherlands
Artistic Gymnastics,4,2,6,netherlands
Artistic Swimming,2,0,2,netherlands
Athletics,25,18,43,netherlands
Badminton,2,2,4,netherlands
Beach Volleyball,4,2,6,netherlands
Boxing,1,1,2,netherlands
Canoe Slalom,1,0,1,netherlands
Cycling BMX Racing,3,3,6,netherlands
Cycling Mountain Bike,2,2,4,netherlands
Cycling Road,4,5,9,netherlands
Cycling Track,4,6,10,netherlands
Diving,2,0,2,netherlands
Equestrian,3,5,8,netherlands
Fencing,0,1,1,netherlands
Football,22,0,22,netherlands
Golf,1,0,1,netherlands
Handball,14,0,14,netherlands
Hockey,16,16,32,netherlands
Judo,5,5,10,netherlands
Marathon Swimming,1,1,2,netherlands
Rowing,14,21,35,netherlands
Sailing,6,4,10,netherlands
Skateboarding,2,0,2,netherlands
Swimming,8,7,15,netherlands
Table Tennis,1,0,1,netherlands
Tennis,2,2,4,netherlands
Triathlon,2,2,4,netherlands
Water Polo,13,0,13,netherlands
Weightlifting,0,1,1,netherlands
3x3 Basketball,4,0,4,france
Archery,1,3,4,france
Artistic Gymnastics,4,3,7,france
Artistic Swimming,2,0,2,france
Athletics,20,43,63,france
Badminton,2,2,4,france
Basketball,12,12,24,france
Boxing,1,4,5,france
Canoe Slalom,2,2,4,france
Canoe Sprint,4,4,8,france
Cycling BMX Freestyle,0,1,1,france
Cycling BMX Racing,2,3,5,france
Cycling Mountain Bike,2,2,4,france
Cycling Road,1,5,6,france
Cycling Track,7,5,12,france
Diving,1,2,3,france
Equestrian,3,6,9,france
Fencing,9,9,18,france
Football,0,21,21,france
Golf,2,2,4,france
Handball,15,15,30,france
Judo,7,6,13,france
Karate,2,1,3,france
Marathon Swimming,1,2,3,france
Modern Pentathlon,2,2,4,france
Rowing,8,4,12,france
Rugby Sevens,13,0,13,france
Sailing,7,7,14,france
Shooting,6,4,10,france
Skateboarding,2,3,5,france
Sport Climbing,2,2,4,france
Surfing,2,2,4,france
Swimming,10,15,25,france
Table Tennis,3,3,6,france
Taekwondo,2,0,2,france
Tennis,4,6,10,france
Trampoline Gymnastics,1,1,2,france
Triathlon,2,3,5,france
Volleyball,0,12,12,france
Weightlifting,3,1,4,france
Wrestling,2,0,2,france
Archery,3,1,4,germany
Artistic Gymnastics,4,4,8,germany
Athletics,46,45,91,germany
Badminton,2,3,5,germany
Basketball,0,12,12,germany
Beach Volleyball,4,2,6,germany
Boxing,1,2,3,germany
Canoe Slalom,2,2,4,germany
Canoe Sprint,8,9,17,germany
Cycling BMX Freestyle,1,0,1,germany
Cycling Mountain Bike,2,2,4,germany
Cycling Road,5,4,9,germany
Cycling Track,7,8,15,germany
Diving,4,5,9,germany
Equestrian,5,4,9,germany
Fencing,1,8,9,germany
Football,0,19,19,germany
Golf,2,2,4,germany
Handball,0,14,14,germany
Hockey,16,16,32,germany
Judo,6,7,13,germany
Karate,1,3,4,germany
Marathon Swimming,2,2,4,germany
Modern Pentathlon,2,2,4,germany
Rowing,6,18,24,germany
Sailing,6,4,10,germany
Shooting,5,3,8,germany
Skateboarding,1,1,2,germany
Sport Climbing,0,2,2,germany
Surfing,0,1,1,germany
Swimming,11,17,28,germany
Table Tennis,3,3,6,germany
Taekwondo,0,1,1,germany
Tennis,3,6,9,germany
Triathlon,2,2,4,germany
Weightlifting,2,2,4,germany
Wrestling,2,5,7,germany
3x3 Basketball,4,0,4,italy
Archery,3,1,4,italy
Artistic Gymnastics,5,2,7,italy
Artistic Swimming,8,0,8,italy
Athletics,35,41,76,italy
Baseball/Softball,15,0,15,italy
Basketball,0,12,12,italy
Beach Volleyball,2,4,6,italy
Boxing,4,0,4,italy
Canoe Slalom,2,1,3,italy
Canoe Sprint,1,3,4,italy
Cycling BMX Racing,0,1,1,italy
Cycling Mountain Bike,1,3,4,italy
Cycling Road,4,6,10,italy
Cycling Track,5,5,10,italy
Diving,4,2,6,italy
Equestrian,3,2,5,italy
Fencing,12,12,24,italy
Golf,2,2,4,italy
Judo,4,4,8,italy
Karate,2,3,5,italy
Marathon Swimming,1,2,3,italy
Modern Pentathlon,2,0,2,italy
Rhythmic Gymnastics,7,0,7,italy
Rowing,10,12,22,italy
Sailing,5,4,9,italy
Shooting,5,9,14,italy
Skateboarding,1,2,3,italy
Sport Climbing,1,2,3,italy
Surfing,0,1,1,italy
Swimming,15,21,36,italy
Table Tennis,1,0,1,italy
Taekwondo,0,2,2,italy
Tennis,3,3,6,italy
Triathlon,3,2,5,italy
Volleyball,12,12,24,italy
Water Polo,0,13,13,italy
Weightlifting,2,3,5,italy
Wrestling,0,2,2,italy
Archery,1,1,2,canada
Artistic Gymnastics,4,1,5,canada
Artistic Swimming,8,0,8,canada
Athletics,33,24,57,canada
Badminton,4,4,8,canada
Baseball/Softball,15,0,15,canada
Basketball,12,0,12,canada
Beach Volleyball,4,0,4,canada
Boxing,4,1,5,canada
Canoe Slalom,2,2,4,canada
Canoe Sprint,6,8,14,canada
Cycling BMX Racing,1,1,2,canada
Cycling Mountain Bike,2,1,3,canada
Cycling Road,3,3,6,canada
Cycling Track,7,6,13,canada
Diving,6,4,10,canada
Equestrian,4,2,6,canada
Fencing,5,6,11,canada
Football,22,0,22,canada
Golf,2,2,4,canada
Hockey,0,16,16,canada
Judo,3,3,6,canada
Karate,0,1,1,canada
Marathon Swimming,1,1,2,canada
Rowing,20,9,29,canada
Rugby Sevens,13,13,26,canada
Sailing,4,5,9,canada
Shooting,1,0,1,canada
Skateboarding,1,3,4,canada
Sport Climbing,1,1,2,canada
Swimming,15,9,24,canada
Table Tennis,1,2,3,canada
Taekwondo,2,0,2,canada
Tennis,3,1,4,canada
Trampoline Gymnastics,2,0,2,canada
Triathlon,2,3,5,canada
Volleyball,0,12,12,canada
Water Polo,13,0,13,canada
Weightlifting,4,1,5,canada
Wrestling,2,2,4,canada
Archery,1,1,2,brazil
Artistic Gymnastics,2,5,7,brazil
Athletics,20,33,53,brazil
Badminton,1,1,2,brazil
Beach Volleyball,4,4,8,brazil
Boxing,3,4,7,brazil
Canoe Slalom,1,1,2,brazil
Canoe Sprint,0,3,3,brazil
Cycling BMX Racing,1,1,2,brazil
Cycling Mountain Bike,1,2,3,brazil
Diving,2,2,4,brazil
Equestrian,0,7,7,brazil
Fencing,1,1,2,brazil
Football,22,22,44,brazil
Handball,14,15,29,brazil
Judo,6,7,13,brazil
Marathon Swimming,1,0,1,brazil
Modern Pentathlon,1,0,1,brazil
Rhythmic Gymnastics,5,0,5,brazil
Rowing,0,1,1,brazil
Rugby Sevens,13,0,13,brazil
Sailing,6,7,13,brazil
Shooting,0,1,1,brazil
Skateboarding,6,6,12,brazil
Surfing,2,2,4,brazil
Swimming,10,16,26,brazil
Table Tennis,3,3,6,brazil
Taekwondo,1,2,3,brazil
Tennis,2,4,6,brazil
Triathlon,2,1,3,brazil
Volleyball,12,12,24,brazil
Weightlifting,2,0,2,brazil
Wrestling,2,1,3,brazil
Artistic Gymnastics,0,1,1,new-zealand
Athletics,5,8,13,new-zealand
Boxing,0,1,1,new-zealand
Canoe Slalom,1,1,2,new-zealand
Canoe Sprint,4,2,6,new-zealand
Cycling BMX Racing,1,0,1,new-zealand
Cycling Mountain Bike,0,1,1,new-zealand
Cycling Road,0,2,2,new-zealand
Cycling Track,7,9,16,new-zealand
Diving,0,1,1,new-zealand
Equestrian,1,5,6,new-zealand
Football,22,22,44,new-zealand
Golf,1,1,2,new-zealand
Hockey,16,16,32,new-zealand
Karate,1,0,1,new-zealand
Rowing,15,15,30,new-zealand
Rugby Sevens,13,13,26,new-zealand
Sailing,3,7,10,new-zealand
Shooting,2,0,2,new-zealand
Surfing,1,1,2,new-zealand
Swimming,5,2,7,new-zealand
Taekwondo,0,1,1,new-zealand
Tennis,0,2,2,new-zealand
Trampoline Gymnastics,1,1,2,new-zealand
Triathlon,2,2,4,new-zealand
Weightlifting,3,2,5,new-zealand
Artistic Gymnastics,1,0,1,cuba
Athletics,12,6,18,cuba
Beach Volleyball,2,0,2,cuba
Boxing,0,7,7,cuba
Canoe Sprint,2,3,5,cuba
Cycling Road,1,0,1,cuba
Judo,3,3,6,cuba
Modern Pentathlon,1,1,2,cuba
Rowing,1,0,1,cuba
Shooting,2,3,5,cuba
Swimming,1,1,2,cuba
Table Tennis,1,1,2,cuba
Taekwondo,0,1,1,cuba
Weightlifting,3,1,4,cuba
Wrestling,3,9,12,cuba
Archery,0,1,1,hungary
Artistic Gymnastics,1,0,1,hungary
Athletics,11,7,18,hungary
Badminton,1,1,2,hungary
Boxing,0,1,1,hungary
Canoe Sprint,8,8,16,hungary
Cycling Mountain Bike,1,1,2,hungary
Cycling Road,0,1,1,hungary
Fencing,8,5,13,hungary
Handball,16,0,16,hungary
Judo,4,3,7,hungary
Karate,0,1,1,hungary
Marathon Swimming,1,1,2,hungary
Modern Pentathlon,2,2,4,hungary
Rhythmic Gymnastics,1,0,1,hungary
Rowing,0,1,1,hungary
Sailing,2,2,4,hungary
Shooting,2,2,4,hungary
Swimming,12,20,32,hungary
Table Tennis,4,2,6,hungary
Taekwondo,0,1,1,hungary
Triathlon,2,2,4,hungary
Water Polo,13,13,26,hungary
Weightlifting,0,1,1,hungary
Wrestling,1,5,6,hungary
Archery,3,3,6,republic-of-korea
Artistic Gymnastics,2,5,7,republic-of-korea
Athletics,2,5,7,republic-of-korea
Badminton,7,3,10,republic-of-korea
Baseball/Softball,0,24,24,republic-of-korea
Basketball,12,0,12,republic-of-korea
Boxing,2,0,2,republic-of-korea
Canoe Sprint,0,1,1,republic-of-korea
Cycling Road,1,0,1,republic-of-korea
Cycling Track,1,0,1,republic-of-korea
Diving,2,3,5,republic-of-korea
Equestrian,0,1,1,republic-of-korea
Fencing,9,9,18,republic-of-korea
Football,0,22,22,republic-of-korea
Golf,4,2,6,republic-of-korea
Handball,14,0,14,republic-of-korea
Judo,7,7,14,republic-of-korea
Karate,0,1,1,republic-of-korea
Modern Pentathlon,2,2,4,republic-of-korea
Rowing,1,0,1,republic-of-korea
Rugby Sevens,0,13,13,republic-of-korea
Sailing,0,4,4,republic-of-korea
Shooting,8,7,15,republic-of-korea
Sport Climbing,1,1,2,republic-of-korea
Swimming,5,7,12,republic-of-korea
Table Tennis,3,3,6,republic-of-korea
Taekwondo,3,3,6,republic-of-korea
Tennis,0,1,1,republic-of-korea
Volleyball,12,0,12,republic-of-korea
Weightlifting,4,3,7,republic-of-korea
Wrestling,0,2,2,republic-of-korea
3x3 Basketball,0,4,4,poland
Archery,1,1,2,poland
Artistic Gymnastics,1,0,1,poland
Athletics,33,31,64,poland
Beach Volleyball,0,4,4,poland
Boxing,3,1,4,poland
Canoe Slalom,2,2,4,poland
Canoe Sprint,6,3,9,poland
Cycling Mountain Bike,1,1,2,poland
Cycling Road,3,3,6,poland
Cycling Track,4,5,9,poland
Equestrian,2,0,2,poland
Fencing,5,0,5,poland
Golf,0,1,1,poland
Judo,4,2,6,poland
Modern Pentathlon,1,2,3,poland
Rowing,8,12,20,poland
Sailing,6,3,9,poland
Shooting,4,1,5,poland
Skateboarding,1,0,1,poland
Sport Climbing,1,0,1,poland
Swimming,4,13,17,poland
Table Tennis,3,0,3,poland
Taekwondo,2,0,2,poland
Tennis,3,3,6,poland
Volleyball,0,12,12,poland
Weightlifting,1,2,3,poland
Wrestling,3,3,6,poland
Archery,1,0,1,czech-republic
Artistic Gymnastics,1,1,2,czech-republic
Athletics,14,13,27,czech-republic
Basketball,0,12,12,czech-republic
Beach Volleyball,2,2,4,czech-republic
Canoe Slalom,2,2,4,czech-republic
Canoe Sprint,0,4,4,czech-republic
Cycling Mountain Bike,1,1,2,czech-republic
Cycling Road,1,3,4,czech-republic
Cycling Track,0,1,1,czech-republic
Equestrian,1,4,5,czech-republic
Fencing,0,2,2,czech-republic
Golf,1,1,2,czech-republic
Judo,0,2,2,czech-republic
Marathon Swimming,0,1,1,czech-republic
Modern Pentathlon,0,2,2,czech-republic
Rowing,2,5,7,czech-republic
Sailing,0,1,1,czech-republic
Shooting,2,6,8,czech-republic
Sport Climbing,0,1,1,czech-republic
Swimming,5,3,8,czech-republic
Table Tennis,1,2,3,czech-republic
Tennis,5,1,6,czech-republic
Triathlon,2,0,2,czech-republic
Weightlifting,0,1,1,czech-republic
Wrestling,0,1,1,czech-republic
Athletics,18,22,40,kenya
Beach Volleyball,2,0,2,kenya
Boxing,2,2,4,kenya
Rugby Sevens,13,13,26,kenya
Swimming,1,1,2,kenya
Taekwondo,1,0,1,kenya
Volleyball,12,0,12,kenya
Artistic Gymnastics,1,1,2,norway
Athletics,5,10,15,norway
Beach Volleyball,0,2,2,norway
Canoe Sprint,0,1,1,norway
Cycling BMX Racing,0,1,1,norway
Cycling Mountain Bike,0,1,1,norway
Cycling Road,2,4,6,norway
Cycling Track,1,0,1,norway
Diving,1,0,1,norway
Equestrian,0,1,1,norway
Golf,1,2,3,norway
Handball,14,14,28,norway
Rowing,0,7,7,norway
Sailing,4,4,8,norway
Shooting,2,3,5,norway
Swimming,1,3,4,norway
Taekwondo,0,1,1,norway
Triathlon,1,3,4,norway
Artistic Gymnastics,1,0,1,jamaica
Athletics,28,25,53,jamaica
Boxing,0,1,1,jamaica
Diving,0,1,1,jamaica
Judo,1,0,1,jamaica
Swimming,1,1,2,jamaica
Archery,1,1,2,spain
Artistic Gymnastics,4,5,9,spain
Artistic Swimming,8,0,8,spain
Athletics,22,32,54,spain
Badminton,1,1,2,spain
Basketball,12,12,24,spain
Beach Volleyball,2,2,4,spain
Boxing,0,4,4,spain
Canoe Slalom,2,2,4,spain
Canoe Sprint,3,8,11,spain
Cycling Mountain Bike,1,2,3,spain
Cycling Road,2,5,7,spain
Cycling Track,0,2,2,spain
Diving,0,2,2,spain
Equestrian,1,4,5,spain
Fencing,0,1,1,spain
Football,0,22,22,spain
Golf,2,2,4,spain
Handball,14,15,29,spain
Hockey,16,16,32,spain
Judo,4,3,7,spain
Karate,1,1,2,spain
Marathon Swimming,1,1,2,spain
Modern Pentathlon,0,1,1,spain
Rowing,2,4,6,spain
Sailing,7,8,15,spain
Shooting,1,1,2,spain
Skateboarding,2,2,4,spain
Sport Climbing,0,1,1,spain
Swimming,6,3,9,spain
Table Tennis,2,1,3,spain
Taekwondo,1,3,4,spain
Tennis,4,4,8,spain
Triathlon,2,3,5,spain
Water Polo,13,13,26,spain
Weightlifting,1,3,4,spain
Archery,1,0,1,sweden
Artistic Gymnastics,1,1,2,sweden
Athletics,9,12,21,sweden
Badminton,0,1,1,sweden
Boxing,1,1,2,sweden
Canoe Slalom,0,1,1,sweden
Canoe Sprint,1,1,2,sweden
Cycling Mountain Bike,1,0,1,sweden
Diving,1,0,1,sweden
Equestrian,7,2,9,sweden
Football,22,0,22,sweden
Golf,2,2,4,sweden
Handball,14,14,28,sweden
Judo,1,3,4,sweden
Rowing,1,0,1,sweden
Sailing,4,5,9,sweden
Shooting,0,1,1,sweden
Skateboarding,0,1,1,sweden
Swimming,6,4,10,sweden
Table Tennis,2,3,5,sweden
Tennis,1,0,1,sweden
Weightlifting,1,0,1,sweden
Wrestling,2,1,3,sweden
Artistic Gymnastics,1,4,5,switzerland
Athletics,19,8,27,switzerland
Badminton,1,0,1,switzerland
Beach Volleyball,4,2,6,switzerland
Canoe Slalom,2,2,4,switzerland
Cycling BMX Freestyle,1,0,1,switzerland
Cycling BMX Racing,1,2,3,switzerland
Cycling Mountain Bike,3,3,6,switzerland
Cycling Road,1,4,5,switzerland
Cycling Track,0,6,6,switzerland
Diving,1,0,1,switzerland
Equestrian,3,4,7,switzerland
Fencing,0,4,4,switzerland
Golf,2,0,2,switzerland
Judo,1,1,2,switzerland
Karate,1,0,1,switzerland
Rowing,3,6,9,switzerland
Sailing,3,3,6,switzerland
Shooting,2,0,2,switzerland
Sport Climbing,1,0,1,switzerland
Swimming,2,5,7,switzerland
Table Tennis,1,0,1,switzerland
Tennis,2,0,2,switzerland
Triathlon,2,2,4,switzerland
Wrestling,0,1,1,switzerland
Archery,1,0,1,denmark
Athletics,8,9,17,denmark
Badminton,4,5,9,denmark
Canoe Sprint,4,0,4,denmark
Cycling BMX Racing,1,0,1,denmark
Cycling Mountain Bike,2,1,3,denmark
Cycling Road,2,4,6,denmark
Cycling Track,2,6,8,denmark
Equestrian,3,2,5,denmark
Golf,2,2,4,denmark
Handball,0,14,14,denmark
Judo,1,0,1,denmark
Rowing,6,3,9,denmark
Sailing,5,3,8,denmark
Shooting,2,2,4,denmark
Skateboarding,0,1,1,denmark
Swimming,8,3,11,denmark
Table Tennis,0,1,1,denmark
Wrestling,0,1,1,denmark
Artistic Gymnastics,1,1,2,croatia
Athletics,6,1,7,croatia
Boxing,1,1,2,croatia
Canoe Slalom,0,1,1,croatia
Canoe Sprint,2,0,2,croatia
Cycling Road,0,1,1,croatia
Judo,3,0,3,croatia
Karate,0,1,1,croatia
Rowing,0,3,3,croatia
Sailing,1,3,4,croatia
Shooting,1,3,4,croatia
Swimming,1,1,2,croatia
Table Tennis,0,3,3,croatia
Taekwondo,2,2,4,croatia
Tennis,2,4,6,croatia
Water Polo,0,13,13,croatia
Wrestling,0,2,2,croatia
Archery,0,1,1,Islamic Republic of Iran
Athletics,1,2,3,Islamic Republic of Iran
Badminton,1,0,1,Islamic Republic of Iran
Basketball,0,12,12,Islamic Republic of Iran
Boxing,0,2,2,Islamic Republic of Iran
Canoe Sprint,0,1,1,Islamic Republic of Iran
Cycling Road,0,1,1,Islamic Republic of Iran
Fencing,0,4,4,Islamic Republic of Iran
Karate,2,1,3,Islamic Republic of Iran
Rowing,1,0,1,Islamic Republic of Iran
Shooting,4,2,6,Islamic Republic of Iran
Swimming,0,1,1,Islamic Republic of Iran
Table Tennis,0,1,1,Islamic Republic of Iran
Taekwondo,1,2,3,Islamic Republic of Iran
Volleyball,0,12,12,Islamic Republic of Iran
Weightlifting,0,2,2,Islamic Republic of Iran
Wrestling,0,11,11,Islamic Republic of Iran
3x3 Basketball,0,4,4,serbia
Athletics,3,2,5,serbia
Basketball,12,0,12,serbia
Boxing,1,0,1,serbia
Canoe Sprint,1,2,3,serbia
Judo,3,2,5,serbia
Karate,1,0,1,serbia
Rowing,1,2,3,serbia
Shooting,4,3,7,serbia
Swimming,1,6,7,serbia
Table Tennis,0,3,3,serbia
Taekwondo,2,0,2,serbia
Tennis,3,2,5,serbia
Volleyball,12,0,12,serbia
Water Polo,0,13,13,serbia
Wrestling,0,4,4,serbia
3x3 Basketball,0,4,4,belgium
Archery,0,1,1,belgium
Artistic Gymnastics,4,0,4,belgium
Athletics,13,17,30,belgium
Badminton,1,0,1,belgium
Basketball,12,0,12,belgium
Canoe Slalom,0,1,1,belgium
Canoe Sprint,2,1,3,belgium
Cycling BMX Racing,1,0,1,belgium
Cycling Mountain Bike,1,1,2,belgium
Cycling Road,3,5,8,belgium
Cycling Track,2,2,4,belgium
Equestrian,3,4,7,belgium
Golf,1,2,3,belgium
Hockey,0,16,16,belgium
Judo,1,3,4,belgium
Rowing,0,2,2,belgium
Sailing,3,1,4,belgium
Shooting,1,0,1,belgium
Skateboarding,1,1,2,belgium
Swimming,1,1,2,belgium
Taekwondo,0,1,1,belgium
Tennis,2,2,4,belgium
Triathlon,2,2,4,belgium
Weightlifting,2,0,2,belgium
Artistic Gymnastics,0,1,1,bulgaria
Athletics,4,1,5,bulgaria
Badminton,3,0,3,bulgaria
Boxing,2,1,3,bulgaria
Canoe Sprint,1,0,1,bulgaria
Judo,1,2,3,bulgaria
Karate,1,0,1,bulgaria
Rhythmic Gymnastics,7,0,7,bulgaria
Shooting,3,0,3,bulgaria
Swimming,1,4,5,bulgaria
Table Tennis,1,0,1,bulgaria
Weightlifting,0,2,2,bulgaria
Wrestling,4,3,7,bulgaria
Archery,0,1,1,slovenia
Athletics,5,2,7,slovenia
Basketball,0,12,12,slovenia
Canoe Slalom,2,2,4,slovenia
Canoe Sprint,2,0,2,slovenia
Cycling Mountain Bike,1,0,1,slovenia
Cycling Road,1,4,5,slovenia
Golf,1,0,1,slovenia
Judo,4,1,5,slovenia
Marathon Swimming,1,0,1,slovenia
Rhythmic Gymnastics,1,0,1,slovenia
Sailing,2,1,3,slovenia
Shooting,1,0,1,slovenia
Sport Climbing,2,0,2,slovenia
Swimming,2,1,3,slovenia
Table Tennis,0,3,3,slovenia
Taekwondo,0,1,1,slovenia
Artistic Gymnastics,1,1,2,uzbekistan
Athletics,5,2,7,uzbekistan
Boxing,3,8,11,uzbekistan
Canoe Sprint,2,0,2,uzbekistan
Cycling Road,1,1,2,uzbekistan
Fencing,2,1,3,uzbekistan
Judo,3,7,10,uzbekistan
Modern Pentathlon,1,1,2,uzbekistan
Rhythmic Gymnastics,6,0,6,uzbekistan
Rowing,0,2,2,uzbekistan
Shooting,1,0,1,uzbekistan
Swimming,1,1,2,uzbekistan
Taekwondo,2,2,4,uzbekistan
Tennis,0,1,1,uzbekistan
Weightlifting,2,2,4,uzbekistan
Wrestling,0,8,8,uzbekistan
Athletics,1,4,5,georgia
Boxing,0,3,3,georgia
Fencing,0,1,1,georgia
Judo,2,7,9,georgia
Karate,0,1,1,georgia
Rhythmic Gymnastics,1,0,1,georgia
Shooting,1,0,1,georgia
Swimming,1,1,2,georgia
Tennis,0,1,1,georgia
Weightlifting,0,4,4,georgia
Wrestling,0,7,7,georgia
Archery,3,3,6,chinese-taipei
Artistic Gymnastics,1,4,5,chinese-taipei
Athletics,1,5,6,chinese-taipei
Badminton,1,4,5,chinese-taipei
Boxing,4,0,4,chinese-taipei
Canoe Slalom,1,0,1,chinese-taipei
Cycling Road,0,1,1,chinese-taipei
Equestrian,1,0,1,chinese-taipei
Golf,2,1,3,chinese-taipei
Judo,2,1,3,chinese-taipei
Karate,1,1,2,chinese-taipei
Rowing,1,0,1,chinese-taipei
Shooting,3,2,5,chinese-taipei
Swimming,1,2,3,chinese-taipei
Table Tennis,3,3,6,chinese-taipei
Taekwondo,2,2,4,chinese-taipei
Tennis,4,1,5,chinese-taipei
Weightlifting,4,3,7,chinese-taipei
Archery,1,1,2,turkey
Artistic Gymnastics,1,4,5,turkey
Athletics,8,16,24,turkey
Badminton,1,0,1,turkey
Boxing,3,3,6,turkey
Cycling Road,0,2,2,turkey
Fencing,1,0,1,turkey
Judo,2,4,6,turkey
Karate,4,3,7,turkey
Modern Pentathlon,1,0,1,turkey
Rowing,0,1,1,turkey
Sailing,4,4,8,turkey
Shooting,0,4,4,turkey
Swimming,5,6,11,turkey
Taekwondo,4,1,5,turkey
Volleyball,12,0,12,turkey
Weightlifting,1,1,2,turkey
Wrestling,2,7,9,turkey
Archery,1,0,1,greece
Artistic Gymnastics,0,1,1,greece
Artistic Swimming,8,0,8,greece
Athletics,12,8,20,greece
Cycling Mountain Bike,0,1,1,greece
Cycling Road,0,1,1,greece
Cycling Track,0,1,1,greece
Fencing,1,0,1,greece
Judo,1,1,2,greece
Marathon Swimming,0,1,1,greece
Rowing,3,1,4,greece
Sailing,4,4,8,greece
Shooting,1,1,2,greece
Swimming,2,9,11,greece
Table Tennis,0,1,1,greece
Taekwondo,1,0,1,greece
Tennis,1,1,2,greece
Water Polo,0,13,13,greece
Weightlifting,0,1,1,greece
Wrestling,1,1,2,greece
Athletics,10,9,19,uganda
Boxing,1,2,3,uganda
Rowing,1,0,1,uganda
Swimming,1,1,2,uganda
Archery,1,0,1,ecuador
Athletics,10,7,17,ecuador
Boxing,2,2,4,ecuador
Cycling BMX Racing,1,1,2,ecuador
Cycling Road,0,2,2,ecuador
Equestrian,0,1,1,ecuador
Golf,1,0,1,ecuador
Judo,2,1,3,ecuador
Marathon Swimming,1,1,2,ecuador
Modern Pentathlon,1,0,1,ecuador
Shooting,2,0,2,ecuador
Surfing,1,0,1,ecuador
Swimming,1,1,2,ecuador
Table Tennis,0,1,1,ecuador
Triathlon,1,0,1,ecuador
Weightlifting,4,0,4,ecuador
Wrestling,2,0,2,ecuador
Artistic Gymnastics,1,1,2,ireland
Athletics,12,13,25,ireland
Badminton,0,1,1,ireland
Boxing,3,4,7,ireland
Canoe Slalom,0,1,1,ireland
Cycling Road,0,3,3,ireland
Cycling Track,2,2,4,ireland
Diving,1,1,2,ireland
Equestrian,2,5,7,ireland
Golf,2,2,4,ireland
Hockey,16,0,16,ireland
Judo,1,1,2,ireland
Modern Pentathlon,1,0,1,ireland
Rowing,9,4,13,ireland
Rugby Sevens,0,13,13,ireland
Sailing,1,2,3,ireland
Shooting,0,1,1,ireland
Swimming,3,6,9,ireland
Taekwondo,0,1,1,ireland
Triathlon,1,1,2,ireland
Archery,0,1,1,israel
Artistic Gymnastics,1,2,3,israel
Artistic Swimming,2,0,2,israel
Athletics,6,3,9,israel
Badminton,1,1,2,israel
Baseball/Softball,0,24,24,israel
Cycling Mountain Bike,0,1,1,israel
Cycling Road,1,0,1,israel
Equestrian,1,2,3,israel
Judo,6,6,12,israel
Marathon Swimming,0,1,1,israel
Rhythmic Gymnastics,7,0,7,israel
Sailing,4,1,5,israel
Shooting,0,1,1,israel
Surfing,1,0,1,israel
Swimming,3,9,12,israel
Taekwondo,1,0,1,israel
Triathlon,0,2,2,israel
Weightlifting,0,1,1,israel
Athletics,1,7,8,qatar
Beach Volleyball,0,2,2,qatar
Judo,0,1,1,qatar
Rowing,1,0,1,qatar
Shooting,0,1,1,qatar
Swimming,1,1,2,qatar
Weightlifting,0,1,1,qatar
Athletics,9,5,14,bahamas
Swimming,1,1,2,bahamas
Athletics,0,1,1,kosovo
Boxing,1,0,1,kosovo
Judo,4,1,5,kosovo
Shooting,0,1,1,kosovo
Swimming,1,1,2,kosovo
Wrestling,0,1,1,kosovo
Archery,3,1,4,ukraine
Artistic Gymnastics,1,4,5,ukraine
Artistic Swimming,8,0,8,ukraine
Athletics,26,17,43,ukraine
Badminton,1,1,2,ukraine
Boxing,1,4,5,ukraine
Canoe Slalom,1,0,1,ukraine
Canoe Sprint,7,3,10,ukraine
Cycling Mountain Bike,1,0,1,ukraine
Cycling Road,1,1,2,ukraine
Cycling Track,2,0,2,ukraine
Diving,3,3,6,ukraine
Equestrian,1,1,2,ukraine
Fencing,2,4,6,ukraine
Judo,3,4,7,ukraine
Karate,2,1,3,ukraine
Marathon Swimming,1,0,1,ukraine
Modern Pentathlon,0,1,1,ukraine
Rhythmic Gymnastics,7,0,7,ukraine
Rowing,0,2,2,ukraine
Shooting,2,4,6,ukraine
Swimming,1,6,7,ukraine
Table Tennis,2,1,3,ukraine
Tennis,4,0,4,ukraine
Trampoline Gymnastics,0,1,1,ukraine
Triathlon,1,0,1,ukraine
Weightlifting,2,0,2,ukraine
Wrestling,5,5,10,ukraine
Archery,3,0,3,belarus
Artistic Gymnastics,1,0,1,belarus
Artistic Swimming,2,0,2,belarus
Athletics,18,12,30,belarus
Boxing,0,4,4,belarus
Canoe Sprint,7,5,12,belarus
Cycling Road,1,1,2,belarus
Cycling Track,1,1,2,belarus
Equestrian,0,1,1,belarus
Judo,1,2,3,belarus
Modern Pentathlon,2,1,3,belarus
Rhythmic Gymnastics,7,0,7,belarus
Rowing,3,2,5,belarus
Sailing,1,1,2,belarus
Shooting,2,1,3,belarus
Swimming,4,4,8,belarus
Tennis,1,2,3,belarus
Trampoline Gymnastics,0,2,2,belarus
Weightlifting,1,1,2,belarus
Wrestling,3,5,8,belarus
3x3 Basketball,4,0,4,romania
Archery,1,0,1,romania
Artistic Gymnastics,2,1,3,romania
Athletics,5,4,9,romania
Boxing,1,1,2,romania
Canoe Sprint,0,2,2,romania
Cycling Mountain Bike,0,1,1,romania
Cycling Road,0,1,1,romania
Fencing,1,1,2,romania
Football,0,22,22,romania
Judo,1,2,3,romania
Rowing,19,17,36,romania
Shooting,1,0,1,romania
Swimming,1,3,4,romania
Table Tennis,3,1,4,romania
Tennis,3,0,3,romania
Triathlon,0,1,1,romania
Wrestling,3,2,5,romania
Athletics,4,0,4,venezuela
Boxing,1,2,3,venezuela
Cycling BMX Freestyle,0,1,1,venezuela
Cycling Road,0,1,1,venezuela
Diving,0,1,1,venezuela
Fencing,0,2,2,venezuela
Golf,0,1,1,venezuela
Judo,3,0,3,venezuela
Karate,1,2,3,venezuela
Marathon Swimming,1,0,1,venezuela
Rowing,0,2,2,venezuela
Sailing,0,1,1,venezuela
Shooting,0,1,1,venezuela
Swimming,1,2,3,venezuela
Volleyball,0,12,12,venezuela
Weightlifting,2,2,4,venezuela
Archery,1,3,4,india
Artistic Gymnastics,1,0,1,india
Athletics,8,17,25,india
Badminton,1,3,4,india
Boxing,4,5,9,india
Equestrian,0,1,1,india
Fencing,1,0,1,india
Golf,2,2,4,india
Hockey,16,16,32,india
Judo,1,0,1,india
Rowing,0,2,2,india
Sailing,1,3,4,india
Shooting,7,8,15,india
Swimming,1,2,3,india
Table Tennis,2,2,4,india
Tennis,2,1,3,india
Weightlifting,1,0,1,india
Wrestling,4,3,7,india
Artistic Gymnastics,0,1,1,hong-kong-china
Athletics,1,1,2,hong-kong-china
Badminton,2,2,4,hong-kong-china
Cycling Road,0,1,1,hong-kong-china
Cycling Track,4,0,4,hong-kong-china
Equestrian,0,1,1,hong-kong-china
Fencing,4,4,8,hong-kong-china
Golf,1,0,1,hong-kong-china
Karate,1,0,1,hong-kong-china
Marathon Swimming,0,1,1,hong-kong-china
Rowing,1,0,1,hong-kong-china
Sailing,2,1,3,hong-kong-china
Swimming,7,1,8,hong-kong-china
Table Tennis,3,3,6,hong-kong-china
Triathlon,0,1,1,hong-kong-china
Artistic Gymnastics,0,1,1,philippines
Athletics,1,1,2,philippines
Boxing,2,2,4,philippines
Golf,2,1,3,philippines
Judo,1,0,1,philippines
Rowing,0,1,1,philippines
Shooting,0,1,1,philippines
Skateboarding,1,0,1,philippines
Swimming,1,1,2,philippines
Taekwondo,0,1,1,philippines
Weightlifting,2,0,2,philippines
Archery,1,0,1,slovakia
Artistic Gymnastics,1,0,1,slovakia
Athletics,4,5,9,slovakia
Badminton,1,0,1,slovakia
Boxing,0,1,1,slovakia
Canoe Slalom,2,2,4,slovakia
Canoe Sprint,0,5,5,slovakia
Cycling Road,0,2,2,slovakia
Golf,0,1,1,slovakia
Shooting,3,4,7,slovakia
Swimming,1,1,2,slovakia
Table Tennis,1,2,3,slovakia
Tennis,0,3,3,slovakia
Wrestling,0,1,1,slovakia
Artistic Gymnastics,2,0,2,south-africa
Artistic Swimming,2,0,2,south-africa
Athletics,5,25,30,south-africa
Cycling BMX Racing,0,1,1,south-africa
Cycling Mountain Bike,1,1,2,south-africa
Cycling Road,2,3,5,south-africa
Cycling Track,1,2,3,south-africa
Diving,2,0,2,south-africa
Equestrian,1,0,1,south-africa
Football,0,19,19,south-africa
Golf,0,2,2,south-africa
Hockey,16,16,32,south-africa
Judo,1,0,1,south-africa
Marathon Swimming,1,1,2,south-africa
Rowing,0,6,6,south-africa
Rugby Sevens,0,13,13,south-africa
Sailing,0,3,3,south-africa
Skateboarding,1,2,3,south-africa
Sport Climbing,1,1,2,south-africa
Surfing,1,0,1,south-africa
Swimming,8,7,15,south-africa
Triathlon,2,1,3,south-africa
Water Polo,13,13,26,south-africa
Artistic Gymnastics,1,0,1,austria
Artistic Swimming,2,0,2,austria
Athletics,4,3,7,austria
Badminton,0,1,1,austria
Canoe Slalom,2,1,3,austria
Canoe Sprint,2,0,2,austria
Cycling Mountain Bike,1,1,2,austria
Cycling Road,1,3,4,austria
Cycling Track,0,2,2,austria
Equestrian,3,2,5,austria
Golf,1,2,3,austria
Judo,4,2,6,austria
Karate,1,0,1,austria
Modern Pentathlon,0,1,1,austria
Rowing,3,0,3,austria
Sailing,3,3,6,austria
Shooting,1,1,2,austria
Skateboarding,1,0,1,austria
Sport Climbing,1,1,2,austria
Swimming,2,5,7,austria
Table Tennis,3,3,6,austria
Tennis,0,2,2,austria
Triathlon,2,2,4,austria
Weightlifting,1,1,2,austria
Archery,1,1,2,egypt
Artistic Gymnastics,2,1,3,egypt
Artistic Swimming,8,0,8,egypt
Athletics,0,4,4,egypt
Badminton,2,1,3,egypt
Boxing,0,2,2,egypt
Canoe Sprint,1,1,2,egypt
Cycling Track,1,0,1,egypt
Diving,1,1,2,egypt
Equestrian,0,3,3,egypt
Fencing,5,9,14,egypt
Football,0,22,22,egypt
Handball,0,14,14,egypt
Judo,0,3,3,egypt
Karate,3,2,5,egypt
Modern Pentathlon,2,2,4,egypt
Rhythmic Gymnastics,6,0,6,egypt
Rowing,0,1,1,egypt
Sailing,1,1,2,egypt
Shooting,4,7,11,egypt
Swimming,1,3,4,egypt
Table Tennis,3,3,6,egypt
Taekwondo,2,2,4,egypt
Tennis,1,1,2,egypt
Trampoline Gymnastics,1,1,2,egypt
Triathlon,1,0,1,egypt
Wrestling,2,6,8,egypt
Archery,1,3,4,indonesia
Athletics,1,1,2,indonesia
Badminton,4,7,11,indonesia
Rowing,2,0,2,indonesia
Shooting,1,0,1,indonesia
Surfing,0,1,1,indonesia
Swimming,1,1,2,indonesia
Weightlifting,2,3,5,indonesia
Athletics,19,15,34,ethiopia
Cycling Road,1,0,1,ethiopia
Swimming,0,1,1,ethiopia
Taekwondo,0,1,1,ethiopia
Artistic Gymnastics,1,0,1,portugal
Athletics,13,7,20,portugal
Canoe Slalom,0,1,1,portugal
Canoe Sprint,2,5,7,portugal
Cycling Mountain Bike,1,0,1,portugal
Cycling Road,0,2,2,portugal
Cycling Track,1,0,1,portugal
Equestrian,2,2,4,portugal
Handball,0,14,14,portugal
Judo,6,2,8,portugal
Marathon Swimming,1,1,2,portugal
Rowing,0,2,2,portugal
Sailing,1,4,5,portugal
Shooting,0,1,1,portugal
Skateboarding,0,1,1,portugal
Surfing,2,0,2,portugal
Swimming,3,4,7,portugal
Table Tennis,2,3,5,portugal
Taekwondo,0,1,1,portugal
Tennis,0,2,2,portugal
Trampoline Gymnastics,0,1,1,portugal
Triathlon,1,2,3,portugal
Archery,1,1,2,tunisia
Athletics,1,2,3,tunisia
Boxing,2,0,2,tunisia
Canoe Sprint,2,2,4,tunisia
Fencing,6,2,8,tunisia
Judo,3,0,3,tunisia
Marathon Swimming,0,1,1,tunisia
Rowing,2,0,2,tunisia
Sailing,3,1,4,tunisia
Shooting,1,1,2,tunisia
Swimming,0,1,1,tunisia
Table Tennis,1,1,2,tunisia
Taekwondo,0,1,1,tunisia
Tennis,1,0,1,tunisia
Volleyball,0,12,12,tunisia
Weightlifting,2,3,5,tunisia
Wrestling,4,6,10,tunisia
Archery,1,0,1,estonia
Athletics,1,6,7,estonia
Badminton,1,1,2,estonia
Cycling Mountain Bike,1,0,1,estonia
Cycling Road,0,2,2,estonia
Equestrian,1,0,1,estonia
Fencing,4,0,4,estonia
Judo,0,1,1,estonia
Rowing,0,4,4,estonia
Sailing,1,1,2,estonia
Shooting,0,1,1,estonia
Swimming,1,2,3,estonia
Tennis,1,0,1,estonia
Triathlon,1,0,1,estonia
Wrestling,1,1,2,estonia
Athletics,0,1,1,fiji
Judo,0,1,1,fiji
Rugby Sevens,13,13,26,fiji
Sailing,1,0,1,fiji
Swimming,1,1,2,fiji
Table Tennis,1,0,1,fiji
3x3 Basketball,0,4,4,latvia
Athletics,5,3,8,latvia
Beach Volleyball,2,2,4,latvia
Canoe Sprint,0,1,1,latvia
Cycling BMX Racing,1,1,2,latvia
Cycling Road,0,2,2,latvia
Equestrian,0,1,1,latvia
Judo,0,1,1,latvia
Karate,0,1,1,latvia
Modern Pentathlon,0,1,1,latvia
Shooting,1,0,1,latvia
Swimming,1,1,2,latvia
Tennis,2,0,2,latvia
Weightlifting,0,2,2,latvia
Wrestling,1,0,1,latvia
Athletics,1,1,2,thailand
Badminton,5,2,7,thailand
Boxing,3,1,4,thailand
Canoe Sprint,1,0,1,thailand
Cycling BMX Racing,1,0,1,thailand
Cycling Road,1,0,1,thailand
Equestrian,1,2,3,thailand
Golf,2,2,4,thailand
Judo,1,0,1,thailand
Rowing,0,2,2,thailand
Sailing,2,1,3,thailand
Shooting,4,2,6,thailand
Swimming,1,1,2,thailand
Table Tennis,2,0,2,thailand
Taekwondo,1,1,2,thailand
Rowing,0,1,1,bermuda
Triathlon,1,0,1,bermuda
Athletics,2,12,14,morocco
Beach Volleyball,0,2,2,morocco
Boxing,2,4,6,morocco
Canoe Slalom,1,1,2,morocco
Cycling Road,0,1,1,morocco
Equestrian,0,5,5,morocco
Fencing,0,1,1,morocco
Golf,1,0,1,morocco
Judo,2,0,2,morocco
Karate,1,0,1,morocco
Rowing,1,0,1,morocco
Shooting,1,0,1,morocco
Surfing,0,1,1,morocco
Swimming,1,1,2,morocco
Taekwondo,2,1,3,morocco
Triathlon,0,1,1,morocco
Weightlifting,0,1,1,morocco
Wrestling,0,1,1,morocco
Athletics,1,3,4,puerto-rico
Basketball,12,0,12,puerto-rico
Boxing,0,1,1,puerto-rico
Diving,0,1,1,puerto-rico
Equestrian,1,0,1,puerto-rico
Golf,1,1,2,puerto-rico
Judo,2,1,3,puerto-rico
Rowing,1,0,1,puerto-rico
Sailing,1,1,2,puerto-rico
Shooting,1,0,1,puerto-rico
Skateboarding,0,2,2,puerto-rico
Swimming,1,1,2,puerto-rico
Table Tennis,2,1,3,puerto-rico
Taekwondo,1,0,1,puerto-rico
Wrestling,0,1,1,puerto-rico
Archery,1,1,2,colombia
Artistic Swimming,2,0,2,colombia
Athletics,8,16,24,colombia
Boxing,2,4,6,colombia
Cycling BMX Racing,1,2,3,colombia
Cycling Road,1,4,5,colombia
Cycling Track,0,1,1,colombia
Diving,0,3,3,colombia
Equestrian,0,1,1,colombia
Fencing,1,0,1,colombia
Golf,1,1,2,colombia
Judo,1,0,1,colombia
Shooting,0,1,1,colombia
Skateboarding,0,1,1,colombia
Swimming,1,1,2,colombia
Taekwondo,1,1,2,colombia
Tennis,1,3,4,colombia
Trampoline Gymnastics,0,1,1,colombia
Weightlifting,1,2,3,colombia
Wrestling,0,3,3,colombia
Artistic Gymnastics,1,1,2,azerbaijan
Athletics,1,1,2,azerbaijan
Badminton,0,1,1,azerbaijan
Boxing,0,5,5,azerbaijan
Cycling Road,0,1,1,azerbaijan
Fencing,1,0,1,azerbaijan
Judo,2,7,9,azerbaijan
Karate,1,2,3,azerbaijan
Rhythmic Gymnastics,6,0,6,azerbaijan
Shooting,0,2,2,azerbaijan
Swimming,1,1,2,azerbaijan
Taekwondo,1,1,2,azerbaijan
Triathlon,0,1,1,azerbaijan
Wrestling,2,5,7,azerbaijan
Athletics,3,4,7,Dominican Republic
Baseball/Softball,0,24,24,Dominican Republic
Boxing,2,5,7,Dominican Republic
Diving,0,1,1,Dominican Republic
Equestrian,1,1,2,Dominican Republic
Judo,0,1,1,Dominican Republic
Rowing,0,1,1,Dominican Republic
Swimming,1,1,2,Dominican Republic
Taekwondo,1,2,3,Dominican Republic
Volleyball,12,0,12,Dominican Republic
Weightlifting,3,2,5,Dominican Republic
Artistic Gymnastics,0,1,1,armenia
Athletics,0,1,1,armenia
Boxing,0,3,3,armenia
Judo,0,1,1,armenia
Shooting,1,0,1,armenia
Swimming,1,1,2,armenia
Weightlifting,1,1,2,armenia
Wrestling,0,6,6,armenia
Athletics,1,1,2,kyrgyzstan
Fencing,0,1,1,kyrgyzstan
Judo,0,1,1,kyrgyzstan
Shooting,1,0,1,kyrgyzstan
Swimming,0,1,1,kyrgyzstan
Weightlifting,0,1,1,kyrgyzstan
Wrestling,3,6,9,kyrgyzstan
3x3 Basketball,4,0,4,mongolia
Archery,1,1,2,mongolia
Athletics,1,2,3,mongolia
Boxing,1,2,3,mongolia
Judo,5,7,12,mongolia
Shooting,3,1,4,mongolia
Swimming,1,1,2,mongolia
Table Tennis,1,1,2,mongolia
Weightlifting,2,0,2,mongolia
Wrestling,6,3,9,mongolia
Artistic Gymnastics,1,0,1,argentina
Athletics,2,3,5,argentina
Basketball,0,12,12,argentina
Beach Volleyball,2,2,4,argentina
Boxing,1,4,5,argentina
Canoe Slalom,0,1,1,argentina
Canoe Sprint,1,2,3,argentina
Cycling BMX Racing,0,1,1,argentina
Cycling Mountain Bike,1,0,1,argentina
Cycling Road,0,1,1,argentina
Equestrian,0,3,3,argentina
Fencing,1,0,1,argentina
Football,0,22,22,argentina
Golf,1,0,1,argentina
Handball,0,15,15,argentina
Hockey,16,16,32,argentina
Judo,1,1,2,argentina
Marathon Swimming,1,0,1,argentina
Modern Pentathlon,0,1,1,argentina
Rowing,2,0,2,argentina
Rugby Sevens,0,13,13,argentina
Sailing,7,4,11,argentina
Shooting,2,2,4,argentina
Surfing,0,1,1,argentina
Swimming,3,1,4,argentina
Table Tennis,0,2,2,argentina
Taekwondo,0,1,1,argentina
Tennis,1,6,7,argentina
Triathlon,1,0,1,argentina
Volleyball,12,12,24,argentina
Wrestling,0,1,1,argentina
Judo,0,1,1,san-marino
Shooting,1,1,2,san-marino
Swimming,1,0,1,san-marino
Wrestling,0,1,1,san-marino
Athletics,1,0,1,jordan
Boxing,0,5,5,jordan
Equestrian,0,1,1,jordan
Judo,0,1,1,jordan
Karate,0,1,1,jordan
Shooting,1,0,1,jordan
Swimming,1,1,2,jordan
Taekwondo,1,1,2,jordan
Archery,1,1,2,malaysia
Artistic Gymnastics,1,1,2,malaysia
Athletics,1,1,2,malaysia
Badminton,4,4,8,malaysia
Cycling Track,0,2,2,malaysia
Diving,5,0,5,malaysia
Golf,1,1,2,malaysia
Sailing,3,1,4,malaysia
Shooting,1,0,1,malaysia
Swimming,1,1,2,malaysia
Artistic Gymnastics,0,1,1,nigeria
Athletics,7,7,14,nigeria
Badminton,1,2,3,nigeria
Basketball,12,12,24,nigeria
Canoe Sprint,1,0,1,nigeria
Rowing,1,0,1,nigeria
Swimming,1,0,1,nigeria
Table Tennis,2,2,4,nigeria
Taekwondo,1,0,1,nigeria
Wrestling,4,1,5,nigeria
Athletics,5,8,13,bahrain
Boxing,0,1,1,bahrain
Handball,0,15,15,bahrain
Shooting,1,0,1,bahrain
Swimming,1,1,2,bahrain
Athletics,1,1,2,saudi-arabia
Football,0,22,22,saudi-arabia
Judo,1,1,2,saudi-arabia
Karate,0,1,1,saudi-arabia
Rowing,0,1,1,saudi-arabia
Shooting,0,1,1,saudi-arabia
Swimming,0,1,1,saudi-arabia
Table Tennis,0,1,1,saudi-arabia
Weightlifting,0,2,2,saudi-arabia
Artistic Gymnastics,0,1,1,lithuania
Athletics,5,6,11,lithuania
Canoe Sprint,0,1,1,lithuania
Cycling Road,1,1,2,lithuania
Cycling Track,3,0,3,lithuania
Judo,1,0,1,lithuania
Modern Pentathlon,2,1,3,lithuania
Rowing,2,7,9,lithuania
Sailing,1,1,2,lithuania
Shooting,0,1,1,lithuania
Swimming,1,5,6,lithuania
Weightlifting,0,1,1,lithuania
Wrestling,0,1,1,lithuania
Athletics,0,1,1,north-macedonia
Judo,1,0,1,north-macedonia
Karate,1,0,1,north-macedonia
Shooting,0,1,1,north-macedonia
Swimming,1,1,2,north-macedonia
Taekwondo,0,1,1,north-macedonia
Wrestling,0,1,1,north-macedonia
Athletics,3,1,4,namibia
Boxing,0,1,1,namibia
Cycling Mountain Bike,1,1,2,namibia
Cycling Road,1,1,2,namibia
Marathon Swimming,0,1,1,namibia
Rowing,1,0,1,namibia
Athletics,0,1,1,turkmenistan
Judo,1,0,1,turkmenistan
Swimming,1,1,2,turkmenistan
Weightlifting,2,3,5,turkmenistan
Archery,0,3,3,kazakhstan
Artistic Gymnastics,0,1,1,kazakhstan
Artistic Swimming,2,0,2,kazakhstan
Athletics,8,2,10,kazakhstan
Boxing,1,8,9,kazakhstan
Canoe Slalom,1,1,2,kazakhstan
Canoe Sprint,3,2,5,kazakhstan
Cycling Road,0,3,3,kazakhstan
Cycling Track,0,2,2,kazakhstan
Fencing,0,1,1,kazakhstan
Judo,1,5,6,kazakhstan
Karate,2,3,5,kazakhstan
Marathon Swimming,0,1,1,kazakhstan
Modern Pentathlon,1,1,2,kazakhstan
Rhythmic Gymnastics,1,0,1,kazakhstan
Rowing,0,1,1,kazakhstan
Shooting,2,1,3,kazakhstan
Sport Climbing,0,1,1,kazakhstan
Swimming,1,1,2,kazakhstan
Table Tennis,1,1,2,kazakhstan
Taekwondo,1,1,2,kazakhstan
Tennis,4,3,7,kazakhstan
Water Polo,0,13,13,kazakhstan
Weightlifting,1,1,2,kazakhstan
Wrestling,3,8,11,kazakhstan
Archery,3,1,4,mexico
Artistic Gymnastics,1,1,2,mexico
Artistic Swimming,2,0,2,mexico
Athletics,8,12,20,mexico
Badminton,1,1,2,mexico
Baseball/Softball,15,24,39,mexico
Beach Volleyball,0,2,2,mexico
Boxing,2,1,3,mexico
Canoe Slalom,1,0,1,mexico
Cycling Mountain Bike,1,1,2,mexico
Cycling Road,1,1,2,mexico
Cycling Track,2,0,2,mexico
Diving,6,8,14,mexico
Equestrian,1,3,4,mexico
Fencing,0,1,1,mexico
Football,0,22,22,mexico
Golf,2,2,4,mexico
Judo,1,0,1,mexico
Marathon Swimming,0,1,1,mexico
Modern Pentathlon,2,2,4,mexico
Rhythmic Gymnastics,1,0,1,mexico
Rowing,1,0,1,mexico
Sailing,2,2,4,mexico
Shooting,2,3,5,mexico
Swimming,1,2,3,mexico
Taekwondo,1,1,2,mexico
Tennis,2,0,2,mexico
Trampoline Gymnastics,1,0,1,mexico
Triathlon,2,2,4,mexico
Weightlifting,2,2,4,mexico
Wrestling,1,1,2,mexico
Archery,0,1,1,finland
Athletics,12,9,21,finland
Badminton,0,1,1,finland
Boxing,1,0,1,finland
Equestrian,0,1,1,finland
Golf,2,2,4,finland
Sailing,3,2,5,finland
Shooting,1,2,3,finland
Skateboarding,1,0,1,finland
Swimming,3,2,5,finland
Wrestling,0,2,2,finland
Athletics,3,7,10,botswana
Boxing,1,1,2,botswana
Swimming,0,1,1,botswana
Weightlifting,1,0,1,botswana
Athletics,1,1,2,burkina-faso
Cycling Road,0,1,1,burkina-faso
Judo,0,1,1,burkina-faso
Swimming,1,1,2,burkina-faso
Taekwondo,0,1,1,burkina-faso
Athletics,2,1,3,Côte d'Ivoire
Football,0,21,21,Côte d'Ivoire
Judo,1,0,1,Côte d'Ivoire
Rowing,0,1,1,Côte d'Ivoire
Swimming,1,0,1,Côte d'Ivoire
Taekwondo,2,2,4,Côte d'Ivoire
Athletics,1,6,7,ghana
Boxing,0,3,3,ghana
Judo,0,1,1,ghana
Swimming,1,1,2,ghana
Weightlifting,0,1,1,ghana
Athletics,1,3,4,grenada
Swimming,1,1,2,grenada
Athletics,1,1,2,kuwait
Karate,0,1,1,kuwait
Rowing,0,1,1,kuwait
Shooting,0,4,4,kuwait
Swimming,1,1,2,kuwait
Archery,1,1,2,Republic of Moldova
Athletics,4,2,6,Republic of Moldova
Canoe Sprint,2,1,3,Republic of Moldova
Judo,0,2,2,Republic of Moldova
Shooting,1,0,1,Republic of Moldova
Swimming,1,1,2,Republic of Moldova
Weightlifting,1,1,2,Republic of Moldova
Wrestling,1,1,2,Republic of Moldova
Athletics,0,1,1,Syrian Arab Republic
Equestrian,0,1,1,Syrian Arab Republic
Swimming,0,1,1,Syrian Arab Republic
Table Tennis,1,0,1,Syrian Arab Republic
Triathlon,0,1,1,Syrian Arab Republic
Weightlifting,0,1,1,Syrian Arab Republic
